NBER_recession=[
1951	0
1951.083333	0
1951.166667	0
1951.250000	0
1951.333333	0
1951.416667	0
1951.500000	0
1951.583333	0
1951.666667	0
1951.750000	0
1951.833333	0
1951.916667	0
1952.000000	0
1952.083333	0
1952.166667	0
1952.250000	0
1952.333333	0
1952.416667	0
1952.500000	0
1952.583333	0
1952.666667	0
1952.750000	0
1952.833333	0
1952.916667	0
1953.000000	0
1953.083333	0
1953.166667	0
1953.250000	0
1953.333333	0
1953.416667	0
1953.500000	0
1953.583333	1
1953.666667	1
1953.750000	1
1953.833333	1
1953.916667	1
1954.000000	1
1954.083333	1
1954.166667	1
1954.250000	1
1954.333333	1
1954.416667	0
1954.500000	0
1954.583333	0
1954.666667	0
1954.750000	0
1954.833333	0
1954.916667	0
1955.000000	0
1955.083333	0
1955.166667	0
1955.250000	0
1955.333333	0
1955.416667	0
1955.500000	0
1955.583333	0
1955.666667	0
1955.750000	0
1955.833333	0
1955.916667	0
1956.000000	0
1956.083333	0
1956.166667	0
1956.250000	0
1956.333333	0
1956.416667	0
1956.500000	0
1956.583333	0
1956.666667	0
1956.750000	0
1956.833333	0
1956.916667	0
1957.000000	0
1957.083333	0
1957.166667	0
1957.250000	0
1957.333333	0
1957.416667	0
1957.500000	0
1957.583333	0
1957.666667	1
1957.750000	1
1957.833333	1
1957.916667	1
1958.000000	1
1958.083333	1
1958.166667	1
1958.250000	1
1958.333333	0
1958.416667	0
1958.500000	0
1958.583333	0
1958.666667	0
1958.750000	0
1958.833333	0
1958.916667	0
1959.000000	0
1959.083333	0
1959.166667	0
1959.250000	0
1959.333333	0
1959.416667	0
1959.500000	0
1959.583333	0
1959.666667	0
1959.750000	0
1959.833333	0
1959.916667	0
1960.000000	0
1960.083333	0
1960.166667	0
1960.250000	0
1960.333333	1
1960.416667	1
1960.500000	1
1960.583333	1
1960.666667	1
1960.750000	1
1960.833333	1
1960.916667	1
1961.000000	1
1961.083333	1
1961.166667	0
1961.250000	0
1961.333333	0
1961.416667	0
1961.500000	0
1961.583333	0
1961.666667	0
1961.750000	0
1961.833333	0
1961.916667	0
1962.000000	0
1962.083333	0
1962.166667	0
1962.250000	0
1962.333333	0
1962.416667	0
1962.500000	0
1962.583333	0
1962.666667	0
1962.750000	0
1962.833333	0
1962.916667	0
1963.000000	0
1963.083333	0
1963.166667	0
1963.250000	0
1963.333333	0
1963.416667	0
1963.500000	0
1963.583333	0
1963.666667	0
1963.750000	0
1963.833333	0
1963.916667	0
1964.000000	0
1964.083333	0
1964.166667	0
1964.250000	0
1964.333333	0
1964.416667	0
1964.500000	0
1964.583333	0
1964.666667	0
1964.750000	0
1964.833333	0
1964.916667	0
1965.000000	0
1965.083333	0
1965.166667	0
1965.250000	0
1965.333333	0
1965.416667	0
1965.500000	0
1965.583333	0
1965.666667	0
1965.750000	0
1965.833333	0
1965.916667	0
1966.000000	0
1966.083333	0
1966.166667	0
1966.250000	0
1966.333333	0
1966.416667	0
1966.500000	0
1966.583333	0
1966.666667	0
1966.750000	0
1966.833333	0
1966.916667	0
1967.000000	0
1967.083333	0
1967.166667	0
1967.250000	0
1967.333333	0
1967.416667	0
1967.500000	0
1967.583333	0
1967.666667	0
1967.750000	0
1967.833333	0
1967.916667	0
1968.000000	0
1968.083333	0
1968.166667	0
1968.250000	0
1968.333333	0
1968.416667	0
1968.500000	0
1968.583333	0
1968.666667	0
1968.750000	0
1968.833333	0
1968.916667	0
1969.000000	0
1969.083333	0
1969.166667	0
1969.250000	0
1969.333333	0
1969.416667	0
1969.500000	0
1969.583333	0
1969.666667	0
1969.750000	0
1969.833333	0
1969.916667	0
1970.000000	1
1970.083333	1
1970.166667	1
1970.250000	1
1970.333333	1
1970.416667	1
1970.500000	1
1970.583333	1
1970.666667	1
1970.750000	1
1970.833333	1
1970.916667	0
1971.000000	0
1971.083333	0
1971.166667	0
1971.250000	0
1971.333333	0
1971.416667	0
1971.500000	0
1971.583333	0
1971.666667	0
1971.750000	0
1971.833333	0
1971.916667	0
1972.000000	0
1972.083333	0
1972.166667	0
1972.250000	0
1972.333333	0
1972.416667	0
1972.500000	0
1972.583333	0
1972.666667	0
1972.750000	0
1972.833333	0
1972.916667	0
1973.000000	0
1973.083333	0
1973.166667	0
1973.250000	0
1973.333333	0
1973.416667	0
1973.500000	0
1973.583333	0
1973.666667	0
1973.750000	0
1973.833333	0
1973.916667	1
1974.000000	1
1974.083333	1
1974.166667	1
1974.250000	1
1974.333333	1
1974.416667	1
1974.500000	1
1974.583333	1
1974.666667	1
1974.750000	1
1974.833333	1
1974.916667	1
1975.000000	1
1975.083333	1
1975.166667	1
1975.250000	0
1975.333333	0
1975.416667	0
1975.500000	0
1975.583333	0
1975.666667	0
1975.750000	0
1975.833333	0
1975.916667	0
1976.000000	0
1976.083333	0
1976.166667	0
1976.250000	0
1976.333333	0
1976.416667	0
1976.500000	0
1976.583333	0
1976.666667	0
1976.750000	0
1976.833333	0
1976.916667	0
1977.000000	0
1977.083333	0
1977.166667	0
1977.250000	0
1977.333333	0
1977.416667	0
1977.500000	0
1977.583333	0
1977.666667	0
1977.750000	0
1977.833333	0
1977.916667	0
1978.000000	0
1978.083333	0
1978.166667	0
1978.250000	0
1978.333333	0
1978.416667	0
1978.500000	0
1978.583333	0
1978.666667	0
1978.750000	0
1978.833333	0
1978.916667	0
1979.000000	0
1979.083333	0
1979.166667	0
1979.250000	0
1979.333333	0
1979.416667	0
1979.500000	0
1979.583333	0
1979.666667	0
1979.750000	0
1979.833333	0
1979.916667	0
1980.000000	0
1980.083333	1
1980.166667	1
1980.250000	1
1980.333333	1
1980.416667	1
1980.500000	1
1980.583333	0
1980.666667	0
1980.750000	0
1980.833333	0
1980.916667	0
1981.000000	0
1981.083333	0
1981.166667	0
1981.250000	0
1981.333333	0
1981.416667	0
1981.500000	0
1981.583333	1
1981.666667	1
1981.750000	1
1981.833333	1
1981.916667	1
1982.000000	1
1982.083333	1
1982.166667	1
1982.250000	1
1982.333333	1
1982.416667	1
1982.500000	1
1982.583333	1
1982.666667	1
1982.750000	1
1982.833333	1
1982.916667	0
1983.000000	0
1983.083333	0
1983.166667	0
1983.250000	0
1983.333333	0
1983.416667	0
1983.500000	0
1983.583333	0
1983.666667	0
1983.750000	0
1983.833333	0
1983.916667	0
1984.000000	0
1984.083333	0
1984.166667	0
1984.250000	0
1984.333333	0
1984.416667	0
1984.500000	0
1984.583333	0
1984.666667	0
1984.750000	0
1984.833333	0
1984.916667	0
1985.000000	0
1985.083333	0
1985.166667	0
1985.250000	0
1985.333333	0
1985.416667	0
1985.500000	0
1985.583333	0
1985.666667	0
1985.750000	0
1985.833333	0
1985.916667	0
1986.000000	0
1986.083333	0
1986.166667	0
1986.250000	0
1986.333333	0
1986.416667	0
1986.500000	0
1986.583333	0
1986.666667	0
1986.750000	0
1986.833333	0
1986.916667	0
1987.000000	0
1987.083333	0
1987.166667	0
1987.250000	0
1987.333333	0
1987.416667	0
1987.500000	0
1987.583333	0
1987.666667	0
1987.750000	0
1987.833333	0
1987.916667	0
1988.000000	0
1988.083333	0
1988.166667	0
1988.250000	0
1988.333333	0
1988.416667	0
1988.500000	0
1988.583333	0
1988.666667	0
1988.750000	0
1988.833333	0
1988.916667	0
1989.000000	0
1989.083333	0
1989.166667	0
1989.250000	0
1989.333333	0
1989.416667	0
1989.500000	0
1989.583333	0
1989.666667	0
1989.750000	0
1989.833333	0
1989.916667	0
1990.000000	0
1990.083333	0
1990.166667	0
1990.250000	0
1990.333333	0
1990.416667	0
1990.500000	0
1990.583333	1
1990.666667	1
1990.750000	1
1990.833333	1
1990.916667	1
1991.000000	1
1991.083333	1
1991.166667	1
1991.250000	0
1991.333333	0
1991.416667	0
1991.500000	0
1991.583333	0
1991.666667	0
1991.750000	0
1991.833333	0
1991.916667	0
1992.000000	0
1992.083333	0
1992.166667	0
1992.250000	0
1992.333333	0
1992.416667	0
1992.500000	0
1992.583333	0
1992.666667	0
1992.750000	0
1992.833333	0
1992.916667	0
1993.000000	0
1993.083333	0
1993.166667	0
1993.250000	0
1993.333333	0
1993.416667	0
1993.500000	0
1993.583333	0
1993.666667	0
1993.750000	0
1993.833333	0
1993.916667	0
1994.000000	0
1994.083333	0
1994.166667	0
1994.250000	0
1994.333333	0
1994.416667	0
1994.500000	0
1994.583333	0
1994.666667	0
1994.750000	0
1994.833333	0
1994.916667	0
1995.000000	0
1995.083333	0
1995.166667	0
1995.250000	0
